ISOMORPHIC KEYBOARD



#1

#2

#3

#4

#5

#6
A 4
IF EQ 0 % PN 0 I 7: A 6
G.BTN.L I A

#7
A PN 0 G.BTNI
B PN 2 A
TR 1 G.BTN.V G.BTNI
CV 1 N B

#8
Y - 7 I
G.BTX * I 8 0 Y 1 1 0 2 7 8 1

#M

#I
G.RST
L 0 7: SCRIPT 8
L 0 63: SCRIPT 6

#P
0	0	0	0
1	1	1	1
0	0	0	0
63	63	63	63

0	0	0	0
1	2	2	2
2	4	3	3
3	5	5	5
4	7	7	7
5	9	8	9
6	11	10	10
7	12	12	12
3	14	14	14
4	16	15	15
5	17	17	17
6	19	19	19
7	21	20	21
8	23	22	22
9	24	24	24
10	26	26	26
6	28	27	27
7	29	29	29
8	31	31	31
9	33	32	33
10	35	34	34
11	36	36	36
12	38	38	38
13	40	39	39
9	41	41	41
10	43	43	43
11	45	44	45
12	47	46	46
13	48	48	48
14	50	50	50
15	52	51	51
16	53	53	53
12	55	55	55
13	57	56	57
14	59	58	58
15	60	60	60
16	62	62	62
17	64	63	63
18	65	65	65
19	67	67	67
15	69	68	69
16	71	70	70
17	72	72	72
18	74	74	74
19	76	75	75
20	77	77	77
21	79	79	79
22	81	80	81
18	83	82	82
19	84	84	84
20	86	86	86
21	88	87	87
22	89	89	89
23	91	91	91
24	93	92	93
25	95	94	94
21	96	96	96
22	98	98	98
23	100	99	99
24	101	101	101
25	103	103	103
26	105	104	105
27	107	106	106
28	108	108	108

#G
0000000000000000
0000000000000000
0000000000000000
0000000000000000
0000000000000000
0000000000000000
0000000000000000
0000000000000000
0000000000000000
0000000000000000
0000000000000000
0000000000000000
0000000000000000
0000000000000000
0000000000000000
0000000000000000

0	0	0	0	0	0	0	0	0	0	0	0	0	0	0	0
0	0	0	0	0	0	0	0	0	0	0	0	0	0	0	0
0	0	0	0	0	0	0	0	0	0	0	0	0	0	0	0
0	0	0	0	0	0	0	0	0	0	0	0	0	0	0	0
