"TURING MACHINE" GRID
TR1: CLOCK
PARAM: PROB OF CHANGE/STEP
BY A FIFTH UP OR DOWN
CV1 OUT: NOTE



#1
T WRAP + T 1 C D
SCRIPT 2
L 0 15: G.FDR.L I 2
G.FDR.L T 4
A SCALE 0 16383 0 6 G.FDR.V T
CV 1 N PN 0 A

#2
Y LT RAND 16382 PARAM
B + G.FDR.N T ? TOSS 4 -4
IF Y: G.FDR.N T WRAP B 0 6
IF Y: G.LED 15 0 15
ELSE: G.LED 15 0 0

#3
T D

#4

#5

#6

#7
IF EQ G.GBTN.X2 1 -1: BREAK
IF EZ G.BTNV: BREAK
C G.GBTN.X1 1
D G.GBTN.X2 1
G.GBTN.L 1 5 5
L C D: G.BTN.L + I 100 12

#8
Z G.FDRI

#M

#I
G.RST
G.GFX 0 0 0 0 1 7 1 2 8 16 1
G.GBX 1 100 0 7 1 1 0 4 7 16 1
C 0; D 15

#P
0	0	0	0
1	1	1	1
0	0	0	0
63	63	63	63

0	0	0	0
2	0	0	0
3	0	0	0
5	0	0	0
7	0	0	0
8	0	0	0
10	0	0	0
0	0	0	0
0	0	0	0
0	0	0	0
0	0	0	0
0	0	0	0
0	0	0	0
0	0	0	0
0	0	0	0
0	0	0	0
0	0	0	0
0	0	0	0
0	0	0	0
0	0	0	0
0	0	0	0
0	0	0	0
0	0	0	0
0	0	0	0
0	0	0	0
0	0	0	0
0	0	0	0
0	0	0	0
0	0	0	0
0	0	0	0
0	0	0	0
0	0	0	0
0	0	0	0
0	0	0	0
0	0	0	0
0	0	0	0
0	0	0	0
0	0	0	0
0	0	0	0
0	0	0	0
0	0	0	0
0	0	0	0
0	0	0	0
0	0	0	0
0	0	0	0
0	0	0	0
0	0	0	0
0	0	0	0
0	0	0	0
0	0	0	0
0	0	0	0
0	0	0	0
0	0	0	0
0	0	0	0
0	0	0	0
0	0	0	0
0	0	0	0
0	0	0	0
0	0	0	0
0	0	0	0
0	0	0	0
0	0	0	0
0	0	0	0
0	0	0	0

#G
0000000000000000
0000000000000000
0000000000000000
0000000000000000
0000000000000000
0000000000000000
0000000000000000
0000000000000000
0000000000000000
0000000000000000
0000000000000000
0000000000000000
0000000000000000
0000000000000000
0000000000000000
0000000000000000

0	1	4	4	2	0	4	0	0	0	0	0	0	0	0	0
0	0	0	0	0	0	0	0	0	0	0	0	0	0	0	0
0	0	0	0	0	0	0	0	0	0	0	0	0	0	0	0
0	0	0	0	0	0	0	0	0	0	0	0	0	0	0	0
